p=[-30.  13.  19. -45.  43.  -6.   8.  39. -28. -15.   1.  -3.], x=[ 0.  0.  0.  1.  0.  0.  0.  0.  0.  0. -1.  0.], norm=89.12911982062877

p=[ -8. -13.   6.  13. -14.  34. -29.  30. -13. -31.  46. -33.], x=[ 0.  0.  0.  0.  0. -1.  0.  1.  0.  0.  0.  0.], norm=88.6904729945669

p=[ -7.  18.  -4.  12. -22.  24.  -7. -34. -24. -38.  23.  50.],
x=[-1.  1.  0.  1. -1.  1.  0.  1. -1.  0.  0. -1.],
norm=88.58329413608415

p=[  4 -17  50 -19   8  56  10  26   9  -5  21  -7],
x=[ 2 -2  1 -1  2 -1 -2 -2  3 -1 -3  4],
norm=87.96590248499699

p=[ -8 -14 -32  16  -1  23  24  30 -37  -9 -14   2],
x=[ 2 -2  1 -1  3 -1 -2 -2  2 -1 -2  3],
norm=72.0832851637604