p=[-30.  13.  19. -45.  43.  -6.   8.  39. -28. -15.   1.  -3.], x=[ 0.  0.  0.  1.  0.  0.  0.  0.  0.  0. -1.  0.], norm=89.12911982062877

p=[ -8. -13.   6.  13. -14.  34. -29.  30. -13. -31.  46. -33.], x=[ 0.  0.  0.  0.  0. -1.  0.  1.  0.  0.  0.  0.], norm=88.6904729945669